FechaGenerado: 2023-07-27 21:44:26.743048
ValorReal: 123.0
ValorAproximado: 42.0
ErrorAbsoluto: 81.0

FechaGenerado: 2023-07-27 21:44:27.653623
ValorReal: 123.0
ValorAproximado: 42.0
ErrorRelativo: 0.6585365853658537

FechaGenerado: 2023-07-27 21:44:32.632152
ValorReal: 3.0
ValorAproximado: 3.4
ErrorAbsoluto: 0.3999999999999999

