FechaGenerado: 2023-07-27 21:44:53.868949
NumeroDecimal: 123.0
Numero32bits: 01000010111101100000000000000000

FechaGenerado: 2023-07-27 21:44:54.326039
NumeroDecimal: 123.0
Numero64bits: 0100000001011110110000000000000000000000000000000000000000000000

FechaGenerado: 2023-07-27 21:44:57.123968
NumeroDecimal: 23.0
Numero32bits: 01000001101110000000000000000000

