FechaGenerado: 2023-07-27 21:45:01.226608
Valorx: 3.0
Valory: 1.052395696491256

